<?xml version="1.0"?>
<opencv_storage>
<calibration_Time>"Sun Mar 26 01:06:57 2017"</calibration_Time>
<nrOfFrames>25</nrOfFrames>
<image_Width>640</image_Width>
<image_Height>480</image_Height>
<board_Width>9</board_Width>
<board_Height>6</board_Height>
<square_Size>23.</square_Size>
<FixAspectRatio>1.</FixAspectRatio>
<!-- flags:  +fix_aspectRatio +fix_principal_point +zero_tangent_dist -->
<flagValue>14</flagValue>
<Camera_Matrix type_id="opencv-matrix">
  <rows>3</rows>
  <cols>3</cols>
  <dt>d</dt>
  <data>
    1.8187311496758954e+02 0. 3.1950000000000000e+02 0.
    1.8187311496758954e+02 2.3950000000000000e+02 0. 0. 1.</data></Camera_Matrix>
<Distortion_Coefficients type_id="opencv-matrix">
  <rows>5</rows>
  <cols>1</cols>
  <dt>d</dt>
  <data>
    -4.6777497098685811e-02 -9.9247470391400444e-02 0. 0.
    3.0952532763925722e-01</data></Distortion_Coefficients>
<Avg_Reprojection_Error>3.4222546769897049e+00</Avg_Reprojection_Error>
<Per_View_Reprojection_Errors type_id="opencv-matrix">
  <rows>25</rows>
  <cols>1</cols>
  <dt>f</dt>
  <data>
    5.79610062e+00 5.22408485e+00 6.89998686e-01 2.04714656e+00
    4.12007761e+00 2.94060969e+00 4.13944149e+00 2.99826479e+00
    2.82771039e+00 3.26916480e+00 6.97715998e-01 3.43462491e+00
    3.02295423e+00 7.39764988e-01 3.94911504e+00 5.26496553e+00
    4.03933001e+00 4.17689180e+00 6.69460893e-01 4.28260326e+00
    4.34118509e+00 8.27953219e-01 8.79838586e-01 4.20295143e+00
    1.00330555e+00</data></Per_View_Reprojection_Errors>
<!-- a set of 6-tuples (rotation vector + translation vector) for each view -->
<Extrinsic_Parameters type_id="opencv-matrix">
  <rows>25</rows>
  <cols>6</cols>
  <dt>d</dt>
  <data>
    -1.1189089433802470e+00 -3.3743549875039691e-02
    -2.6803544607006990e-01 -1.4692974645260983e+02
    5.2199570906695890e+01 3.4934658922115051e+02
    -8.4855531531790906e-01 9.2433004997328594e-02
    -2.7423902957133217e-01 -1.2904333979846888e+02
    4.3173457248895247e+01 3.3017132641007328e+02
    -8.6370060466623821e-02 2.1038375344991994e-01
    -3.9982139665824129e-01 -1.1574502769667042e+02
    -2.0782700505490777e+01 2.7684204438035761e+02
    -3.8382906313546045e-02 2.6053394569506733e-01
    -1.2437170984522807e-01 -1.1538815420064842e+02
    -3.6401181042452954e+01 2.8771104681103566e+02
    -2.7270731975761087e-01 3.2852736686473100e-01
    3.4051632689051842e-01 -7.6281212424671821e+01
    -6.5579393951805073e+01 3.2215334233068052e+02
    -4.8237907591766599e-01 1.4745688672003485e-01
    8.3918380552218078e-02 -9.0098479167855217e+01
    -2.8294913574148307e+01 2.8894660716310335e+02
    -1.2101617614183000e-01 8.5861866141264631e-01
    1.3360008519476671e-01 -1.6550413036912275e+01
    -6.9978184114834306e+01 3.3619646528633683e+02
    4.0272072588822934e-02 4.0888955818563766e-01
    -1.5683643811429768e-02 -7.1344171290222462e+01
    -7.0270717830116808e+01 3.0313259893589242e+02
    4.5289763243843351e-01 1.9369486042544081e-02
    -2.0996546059301063e-01 -1.0543472050809274e+02
    -3.5926166255266921e+01 2.2939207728527941e+02
    4.9452835792415184e-01 -2.4154162266893708e-01
    -3.5999294038572988e-01 -1.1926176625298852e+02
    -1.6396399036558518e+00 2.0263270283399572e+02
    1.1827520848207659e-01 1.0103052177509883e-01
    -2.7965533715355539e-01 -1.2830927211447195e+02
    -1.9767404739893653e+01 2.5136075141717114e+02
    -1.4738847950683667e-01 6.3527923609839521e-01
    -1.5184228344144990e-01 -9.5344931136585004e+01
    -3.8156823297646483e+01 2.9935927790454565e+02
    -5.6051153114867226e-02 8.5670539573287685e-01
    -2.0527089774984847e-01 -7.3134608247030229e+01
    -3.0125039466299228e+01 3.1528596868137032e+02
    -3.7189945364647775e-01 -2.0272249532546513e-01
    3.5812829374268051e-02 -1.2323481401134246e+02
    -6.1066025543152314e+01 2.2595703156115130e+02
    -7.6176892065461566e-01 2.3561088020387833e-01
    -9.9546652914858633e-02 -9.2128868751569897e+01
    -1.1203361566024990e+01 2.8455636615089924e+02
    -8.2331778231606001e-01 2.5436310360598369e-01
    -1.0734964484399187e-01 -9.4849781706788477e+01
    -8.6183061377679326e+00 2.9158764592443885e+02
    2.6500811973704186e-01 8.3777108756789764e-01 2.4283827840554170e-01
    -4.9162437913135733e+01 -9.3839972310997297e+01
    3.0813608139350430e+02 2.2596099479504858e-01 8.0779710254904746e-01
    2.4477342441085467e-01 -4.9111598584402465e+01
    -9.3741721734397387e+01 3.0673070037098466e+02
    -3.9465062592553679e-01 1.6657778723719860e-01
    -9.7796261831949352e-02 -9.5323888448923142e+01
    -1.4388363203973846e+01 2.8400076971219960e+02
    -1.0468885912817234e+00 2.5301050181825996e-01
    -1.6773576755089542e-01 -1.0913950614123105e+02
    1.9764613072010857e+01 2.9027814965332448e+02
    -9.2486784569694624e-01 2.4359512436671329e-01
    -1.5604204890924409e-01 -1.1002996816340115e+02
    2.1418776653116215e+01 2.8596764816772833e+02 1.4080665243645971e-01
    2.6745881942884370e-01 -2.5075552972112480e-01
    -9.9526258803294368e+01 -3.3176629907027966e+01
    2.3396611629491122e+02 -1.6234112810304660e-01
    2.1123403830845103e-01 -9.9560085237042417e-01
    -7.4408677113621238e+01 6.2797930898499459e+01
    2.4043588261505272e+02 -1.0939463276245846e-01
    1.5618615550282425e-01 -1.0586792873393278e+00
    -1.1043394294954483e+02 7.5973712761415754e+01
    2.4796725573181152e+02 1.2718045495566133e-01 2.1157182890315721e-01
    6.1360659007092899e-01 -7.4628645971889554e+01
    -1.3226565631211500e+02 2.3723754314106984e+02</data></Extrinsic_Parameters>
