<?xml version="1.0"?>
<opencv_storage>
<calibration_Time>"Sun Mar 26 00:52:07 2017"</calibration_Time>
<nrOfFrames>25</nrOfFrames>
<image_Width>640</image_Width>
<image_Height>480</image_Height>
<board_Width>9</board_Width>
<board_Height>6</board_Height>
<square_Size>23.</square_Size>
<FixAspectRatio>1.</FixAspectRatio>
<!-- flags:  +fix_aspectRatio +fix_principal_point +zero_tangent_dist -->
<flagValue>14</flagValue>
<Camera_Matrix type_id="opencv-matrix">
  <rows>3</rows>
  <cols>3</cols>
  <dt>d</dt>
  <data>
    8.1590943249321401e+02 0. 3.1950000000000000e+02 0.
    8.1590943249321401e+02 2.3950000000000000e+02 0. 0. 1.</data></Camera_Matrix>
<Distortion_Coefficients type_id="opencv-matrix">
  <rows>5</rows>
  <cols>1</cols>
  <dt>d</dt>
  <data>
    -9.3299883491664397e-03 -3.6751457024599615e-01 0. 0.
    1.8571084663754014e+00</data></Distortion_Coefficients>
<Avg_Reprojection_Error>9.7498073539797270e-01</Avg_Reprojection_Error>
<Per_View_Reprojection_Errors type_id="opencv-matrix">
  <rows>25</rows>
  <cols>1</cols>
  <dt>f</dt>
  <data>
    2.55735785e-01 7.53162682e-01 1.13198745e+00 4.00073171e-01
    1.33724344e+00 3.20071071e-01 3.78563792e-01 2.39506781e-01
    3.32347661e-01 1.57824016e+00 8.85808349e-01 1.45753473e-01
    1.98561594e-01 2.57439017e-01 3.36164653e-01 3.45954084e+00
    1.15914571e+00 4.55880851e-01 5.97264588e-01 4.92669284e-01
    8.66345584e-01 6.46577895e-01 3.57167155e-01 5.66294372e-01
    4.86970067e-01</data></Per_View_Reprojection_Errors>
<!-- a set of 6-tuples (rotation vector + translation vector) for each view -->
<Extrinsic_Parameters type_id="opencv-matrix">
  <rows>25</rows>
  <cols>6</cols>
  <dt>d</dt>
  <data>
    8.1531110116059125e-02 1.3954304643830129e-01
    -4.7596360163279922e-01 -5.6452172036670468e+01
    -6.3310111561222627e+01 6.2978416801630192e+02
    -3.2979368946092774e-01 5.9254183696693082e-03
    -1.3306760979351591e+00 -8.1476900432191557e-01
    1.2007146933910398e+02 5.8888146565830880e+02
    -1.6457705530495484e-01 3.2806362170814216e-02
    -1.4279933402092828e+00 1.2476907032866571e+01
    8.5068661910128810e+01 5.9110033784197446e+02
    -1.0129306113217047e-01 1.6197282975551328e-01
    -1.2394483364968640e+00 1.9005783003966304e+01
    7.2993670222771556e+01 6.2207517307606770e+02
    -7.5025508523410112e-02 -1.9323957824701735e-01
    -2.5062402380378362e-01 -9.2859710657569337e+01
    -3.6639509272307606e+01 5.7256897324709109e+02
    -1.7013598994374338e-01 -6.0334346769476332e-01
    -1.4944501280055797e-01 -7.5585965231293088e+01
    -6.0937288666021274e+01 5.3053555592373448e+02
    -2.9800457323989921e-01 -8.7816889886047855e-01
    -1.6057190183919545e-01 -6.5710967653895850e+01
    -6.5501344554880987e+01 5.1487152811641420e+02
    -5.3649107492496062e-01 -2.6041705684486649e-01
    -8.8114708165530728e-02 -5.8667955949408999e+01
    -5.2649824694202287e+01 5.8562104249936397e+02
    1.6005416974322004e-01 -6.2516165090822820e-02
    -4.9497898935244686e-02 -2.8841492993481371e+01
    -1.3046702000202305e+02 5.8671241524732102e+02
    6.9494479875185911e-01 -9.6409266890601378e-02
    -5.0002090320898827e-02 1.5922767991978519e+01
    -9.0765516037249995e+01 5.0922141911922193e+02
    5.8476993361485985e-01 -3.4344944275562769e-02
    -2.1989137809294088e-01 -1.3198335094568989e+02
    -8.2727106267424546e+01 5.5089782460989306e+02
    7.4005419438051235e-03 -1.2095668219036421e-01
    -1.7773711835188721e-01 -1.2023586241117630e+02
    -4.4532710524658363e+01 5.8603001005425483e+02
    -2.5077215593015034e-01 6.0438255473990465e-01
    -1.0505166232263700e-01 -1.9551604745429948e+01
    -3.4376798860709620e+01 6.7000275456086672e+02
    -3.0973906277937002e-01 8.5500335849810005e-01
    -5.4743603768008652e-02 6.7051807359738746e+01
    -1.1337915657732498e+01 6.4369960074117307e+02
    5.3035580027850339e-02 1.0263646707777159e+00
    -2.6504447666275719e-02 -3.4345311389817553e+01
    -7.2222655523234963e+01 6.9729542232409437e+02
    8.1876528559606462e-02 1.2718136664413189e+00 7.1523279072076618e-02
    1.7174249635768025e+01 -9.5707350490501099e+01
    6.8169604532193114e+02 -1.2297314048194284e-01
    7.2189114623222539e-01 -2.4157085877258816e-02
    -4.8089961979138103e+01 -8.1241737568225091e+01
    6.5971793528752903e+02 -4.5928612504930977e-01
    -1.5722207232020347e-01 -9.1043478374908793e-01
    -1.0397952096335830e+02 6.0181368571221185e+01
    5.6406509054176536e+02 -1.9948264371640939e-03
    4.7606014578658956e-01 -1.3513600931246967e+00
    1.6516524585681434e+01 8.4844284142085598e+01 6.1756092345385321e+02
    6.0829264761875768e-01 5.7190007053516301e-01
    -1.6517243952001097e+00 2.0755706754725612e+01
    3.9338798830734504e+01 6.4807316215680942e+02 3.3056005373000302e-01
    4.2196830503890670e-01 -1.5619711214223406e+00
    1.0241088257821000e+01 9.1258133402045033e+01 6.3131722318186360e+02
    -2.4446247121333836e-01 -1.5790352690569509e-01
    -2.0549590244273448e+00 4.9250579568022594e+01
    1.4066316893192706e+02 5.5689014902622796e+02
    -6.9025322335367267e-01 -6.6352430072172541e-01
    -1.9846363867697623e+00 2.6447484502068001e+01
    8.7728102406248382e+01 5.2270434345421131e+02
    -7.4622769358757368e-01 -1.3585111805339081e-01
    -1.7957524121785420e-01 -5.1137107715540523e+01
    -6.3042062272815016e+01 5.9611227234868215e+02
    -5.3745486748385973e-01 3.9549566908381123e-01
    1.8186420505440015e-02 -4.4311827737188757e+01
    -7.5704296540165402e+01 6.5566926633132232e+02</data></Extrinsic_Parameters>
